name: project_env
channels:
  - conda-forge
  - defaults
dependencies:
  - blas=1.0=mkl
  - bzip2=1.0.8=h2466b09_7
  - ca-certificates=2024.7.4=h56e8100_0
  - icc_rt=2022.1.0=h6049295_2
  - intel-openmp=2023.1.0=h59b6b97_46320
  - joblib=1.4.2=py39haa95532_0
  - jupyerlab
  - libffi=3.4.2=h8ffe710_5
  - libsqlite=3.46.0=h2466b09_0
  - libzlib=1.3.1=h2466b09_1
  - mkl=2023.1.0=h6b88ed4_46358
  - mkl-service=2.4.0=py39h2bbff1b_1
  - mkl_fft=1.3.8=py39h2bbff1b_0
  - mkl_random=1.2.4=py39h59b6b97_0
  - numpy=1.26.4=py39h055cbcc_0
  - numpy-base=1.26.4=py39h65a83cf_0
  - openssl=3.3.1=h2466b09_2
  - pip=24.0=pyhd8ed1ab_0
  - pybind11-abi=5=hd3eb1b0_0
  - python>=3.10=h4de0772_0_cpython
  - scikit-learn=1.2.1=py39hd77b12b_0
  - scipy=1.13.1=py39h8640f81_0
  - setuptools=71.0.4=pyhd8ed1ab_0
  - tbb=2021.8.0=h59b6b97_0
  - threadpoolctl=3.5.0=py39h9909e9c_0
  - tk=8.6.13=h5226925_1
  - tzdata=2024a=h0c530f3_0
  - ucrt=10.0.22621.0=h57928b3_0
  - vc=14.3=h8a93ad2_20
  - vc14_runtime=14.40.33810=ha82c5b3_20
  - vs2015_runtime=14.40.33810=h3bf8584_20
  - wheel=0.43.0=pyhd8ed1ab_1
  - xz=5.2.6=h8d14728_0
prefix: C:\Users\wajiz.pk\miniconda3\envs\new_env
